10
2
6593 -125
7395 9966
6
-1140 -7289
-1782 7140
-6814 9353
6261 8141
-4389 209
9631 -5725
10
6812 6147
-4772 1426
6812 2153
5875 7569
-4772 3962
6812 4010
-4772 1456
6812 2404
-4772 5484
5236 1404
1
-3447 -6708
5
4639 -1192
3415 -6443
4639 640
4639 -1056
260 -5439
3
4386 -885
4120 -885
-5462 -2484
7
7323 -6643
8666 -8448
-1569 -3018
-9889 8796
7409 -3016
-2541 -7182
2569 -6422
10
6259 -2809
3649 -2809
3719 -2809
6269 -2780
5690 -2809
1924 -2809
4947 -2809
6269 -2759
6269 -2779
6269 -2791
2
-6561 2827
-1764 -6287
2
5344 6160
-3878 6032