10
5
7146 -4885
2745 6521
1305 -1429
804 6819
-1674 8028
8
-7412 -2238
-7121 597
-8124 1444
-7537 -2238
-8156 1444
-7774 1444
-7121 278
-7731 1444
4
6577 4860
153 2939
-3568 6110
7879 -131
6
3741 7555
-8627 -412
5727 -6166
4671 -496
7705 -1600
-6860 -5758
8
-9381 -4455
4432 -4406
-993 8627
2577 7255
-1059 2282
-4852 -616
-319 966
2858 5481
3
4681 -3334
2819 -5653
-2064 -7486
8
5427 553
4917 -5557
-9572 5588
-2810 -7948
-3361 4277
-1950 -7675
6749 -4909
-201 -3449
2
2562 -5704
-5966 -4532
1
4118 -6058
3
3312 2923
6573 2923
7593 2923