10
3
-6169 -8878
-9720 -9143
-8748 5624
8
-2849 -2602
-872 -3537
-2386 -3537
-2849 -2202
174 560
-2849 919
162 3294
-1477 3294
6
3832 -5470
9070 552
3255 -1470
-520 8996
-3272 4738
7577 -1978
1
-5089 6366
8
1105 -7534
-6651 4948
7968 5774
-2478 7535
914 9171
6684 -3280
5076 -8277
-437 -5137
6
8252 5667
6634 9780
3760 -4819
3760 6934
8252 6559
6773 -5091
8
4640 7948
-5401 -351
3302 -2335
-6498 2108
5823 9633
4652 -9570
8831 5586
-266 -5061
5
9819 7181
5692 2424
6108 2424
9819 2737
9819 3409
3
2659 9255
3163 -4364
-3271 6016
2
7034 8709
7969 8709