10
4
6224 2202
6237 4079
-1135 7609
-7766 -9796
6
5822 -9191
1649 -7687
1232 4373
5080 -9843
6003 3503
-9320 -5826
3
566 -3061
5913 991
1652 8441
9
-3658 -3352
3813 -9817
549 983
-1238 718
8096 2087
7849 -8909
-1818 3715
6496 -9705
736 5524
5
-6528 8193
-5316 8084
-6528 8755
-6399 9152
-5487 9152
6
387 5081
1480 3379
-6531 4012
-6803 6329
-3811 -189
4598 7557
5
-7627 4067
-4316 -499
-7970 -7293
-7201 -6692
-3735 3361
7
-2967 -4199
-8197 6926
617 -9431
-7864 -6689
-4870 -5180
-701 -4420
-1973 -5570
4
6130 -1287
-5216 9211
-3945 -5264
2560 3650
9
45 3283
6232 3250
6232 3098
-788 3113
3096 3283
1128 3283
6232 2998
-788 3000
-788 3105