10
10
4675 -174
-6855 -3823
-6855 291
4505 -4201
4675 -3042
4675 1204
-6855 553
4675 3397
1929 3726
4675 126
5
1709 -904
1347 52
1933 52
1405 52
1815 -904
5
-1233 4950
-7570 7285
-1318 -3342
-906 -2963
-2401 1167
4
-945 -3609
-3229 879
-4624 -335
-3053 -5302
2
-7670 -9171
3832 4736
10
840 912
1719 -4966
1997 912
648 -4024
1391 -4966
1296 -4966
871 912
2076 -1932
1911 912
1688 -4966
4
1938 3147
6897 7095
-288 9947
2836 323
2
-7354 -663
-3034 -5565
10
-7377 3993
4172 6872
5148 5706
8848 -6619
4254 5946
-2371 -562
-9196 2780
-4440 -1982
3790 9337
6142 -2085
7
-1351 -3930
-6462 -3578
-2710 -933
3921 -7207
4757 -4816
-978 -4239
-2058 8378